{
 "cells": [
  {
   "cell_type": "markdown",
   "metadata": {},
   "source": [
    "# Intro to NumPy\n",
    "\n",
    "NumPy is a python library for performing linear algebra calculations. It's also the foundation for many other libraries we'll be using in this course.\n",
    "\n",
    "The first step to using a library is to import it:"
   ]
  },
  {
   "cell_type": "code",
   "execution_count": 2,
   "metadata": {
    "collapsed": true
   },
   "outputs": [],
   "source": [
    "import numpy as np"
   ]
  },
  {
   "cell_type": "markdown",
   "metadata": {},
   "source": [
    "Once it's imported, we'll use `np.array` to create a numpy array, which is like a python list, but with added functionality."
   ]
  },
  {
   "cell_type": "code",
   "execution_count": 11,
   "metadata": {
    "collapsed": true
   },
   "outputs": [],
   "source": [
    "numbers = [24,6,6,7,89,19]"
   ]
  },
  {
   "cell_type": "code",
   "execution_count": 12,
   "metadata": {},
   "outputs": [
    {
     "data": {
      "text/plain": [
       "array([24,  6,  6,  7, 89, 19])"
      ]
     },
     "execution_count": 12,
     "metadata": {},
     "output_type": "execute_result"
    }
   ],
   "source": [
    "np_numbers = np.array(numbers)\n",
    "np_numbers"
   ]
  },
  {
   "cell_type": "markdown",
   "metadata": {},
   "source": [
    "## Convenience methods"
   ]
  },
  {
   "cell_type": "markdown",
   "metadata": {},
   "source": [
    "We can use `min()` and `max()` to grab the smallest and largest numbers in the array, respectively."
   ]
  },
  {
   "cell_type": "code",
   "execution_count": 13,
   "metadata": {},
   "outputs": [
    {
     "data": {
      "text/plain": [
       "6"
      ]
     },
     "execution_count": 13,
     "metadata": {},
     "output_type": "execute_result"
    }
   ],
   "source": [
    "np_numbers.min()"
   ]
  },
  {
   "cell_type": "code",
   "execution_count": 14,
   "metadata": {},
   "outputs": [
    {
     "data": {
      "text/plain": [
       "89"
      ]
     },
     "execution_count": 14,
     "metadata": {},
     "output_type": "execute_result"
    }
   ],
   "source": [
    "np_numbers.max()"
   ]
  },
  {
   "cell_type": "markdown",
   "metadata": {},
   "source": [
    "`argmin()` and `argmax()` will give you the **index** of the smallest and largest numbers in the array, respectively."
   ]
  },
  {
   "cell_type": "code",
   "execution_count": 15,
   "metadata": {},
   "outputs": [
    {
     "data": {
      "text/plain": [
       "1"
      ]
     },
     "execution_count": 15,
     "metadata": {},
     "output_type": "execute_result"
    }
   ],
   "source": [
    "np_numbers.argmin()"
   ]
  },
  {
   "cell_type": "code",
   "execution_count": 18,
   "metadata": {},
   "outputs": [
    {
     "data": {
      "text/plain": [
       "6"
      ]
     },
     "execution_count": 18,
     "metadata": {},
     "output_type": "execute_result"
    }
   ],
   "source": [
    "np_numbers[np_numbers.argmin()]"
   ]
  },
  {
   "cell_type": "code",
   "execution_count": 19,
   "metadata": {},
   "outputs": [
    {
     "data": {
      "text/plain": [
       "4"
      ]
     },
     "execution_count": 19,
     "metadata": {},
     "output_type": "execute_result"
    }
   ],
   "source": [
    "np_numbers.argmax()"
   ]
  },
  {
   "cell_type": "code",
   "execution_count": 20,
   "metadata": {},
   "outputs": [
    {
     "data": {
      "text/plain": [
       "89"
      ]
     },
     "execution_count": 20,
     "metadata": {},
     "output_type": "execute_result"
    }
   ],
   "source": [
    "np_numbers[np_numbers.argmax()]"
   ]
  },
  {
   "cell_type": "markdown",
   "metadata": {},
   "source": [
    "Numpy has a method for creating arrays from ranges of numbers: `np.arange`. It works like `range`, except it returns a numpy array as opposed to a vanilla python list."
   ]
  },
  {
   "cell_type": "code",
   "execution_count": 21,
   "metadata": {},
   "outputs": [
    {
     "data": {
      "text/plain": [
       "array([0, 1, 2, 3, 4, 5, 6, 7, 8, 9])"
      ]
     },
     "execution_count": 21,
     "metadata": {},
     "output_type": "execute_result"
    }
   ],
   "source": [
    "np.arange(10)"
   ]
  },
  {
   "cell_type": "markdown",
   "metadata": {},
   "source": [
    "# Broadcasting / Scalar Math\n",
    "\n",
    "Exercise: Write a for loop to add 1 to each item in your array"
   ]
  },
  {
   "cell_type": "markdown",
   "metadata": {},
   "source": [
    "With numpy, we no longer have to code for loops to do these types of calculations. We can simply broadcast our arithmetic operations across the entire array:"
   ]
  },
  {
   "cell_type": "code",
   "execution_count": 27,
   "metadata": {},
   "outputs": [
    {
     "data": {
      "text/plain": [
       "[1, 2, 3, 4, 5, 6, 7, 8, 9, 10, 11, 12, 13, 14, 15, 16, 17, 18, 19, 20]"
      ]
     },
     "execution_count": 27,
     "metadata": {},
     "output_type": "execute_result"
    }
   ],
   "source": [
    "[num + 1 for num in np_numbers]"
   ]
  },
  {
   "cell_type": "markdown",
   "metadata": {},
   "source": [
    "We can also use broadcasting over a subset of an array:"
   ]
  },
  {
   "cell_type": "code",
   "execution_count": 32,
   "metadata": {},
   "outputs": [
    {
     "data": {
      "text/plain": [
       "array([ 6,  7,  8,  9, 10])"
      ]
     },
     "execution_count": 32,
     "metadata": {},
     "output_type": "execute_result"
    }
   ],
   "source": [
    "np_numbers[5:10] + 1 "
   ]
  },
  {
   "cell_type": "code",
   "execution_count": 31,
   "metadata": {},
   "outputs": [
    {
     "data": {
      "text/plain": [
       "2"
      ]
     },
     "execution_count": 31,
     "metadata": {},
     "output_type": "execute_result"
    }
   ],
   "source": [
    "np.random.choice(range(1,7), p=[0.1,0.1,0.5,0.1,0.1,0.1])"
   ]
  },
  {
   "cell_type": "markdown",
   "metadata": {},
   "source": [
    "# Matrices vs Vectors\n",
    "\n",
    "Linear Algebra (and Data Science as an extension) uses vectors and matrices extensively. You can think of a **matrix** as an excel spreadsheet. A **vector** is a special kind of matrix in that it is a single column (or row)of data.\n",
    "\n",
    "Stated differently, matrix = many columns, vector = single column.\n",
    "\n",
    "We can can use the `reshape()` method to create a matrix from an array."
   ]
  },
  {
   "cell_type": "code",
   "execution_count": 34,
   "metadata": {},
   "outputs": [
    {
     "data": {
      "text/plain": [
       "array([[  1,   2,   3,   4,   5,   6,   7,   8,   9,  10],\n",
       "       [ 11,  12,  13,  14,  15,  16,  17,  18,  19,  20],\n",
       "       [ 21,  22,  23,  24,  25,  26,  27,  28,  29,  30],\n",
       "       [ 31,  32,  33,  34,  35,  36,  37,  38,  39,  40],\n",
       "       [ 41,  42,  43,  44,  45,  46,  47,  48,  49,  50],\n",
       "       [ 51,  52,  53,  54,  55,  56,  57,  58,  59,  60],\n",
       "       [ 61,  62,  63,  64,  65,  66,  67,  68,  69,  70],\n",
       "       [ 71,  72,  73,  74,  75,  76,  77,  78,  79,  80],\n",
       "       [ 81,  82,  83,  84,  85,  86,  87,  88,  89,  90],\n",
       "       [ 91,  92,  93,  94,  95,  96,  97,  98,  99, 100]])"
      ]
     },
     "execution_count": 34,
     "metadata": {},
     "output_type": "execute_result"
    }
   ],
   "source": [
    "matr = np.arange(1,101).reshape(10,10)\n",
    "matr"
   ]
  },
  {
   "cell_type": "markdown",
   "metadata": {},
   "source": [
    "# Transposing Matrices\n",
    "\n",
    "Transposing is when a matrix is flipped along it's top-left to bottom-right diagonal. We use `T` on a numpy array to accomplish this task."
   ]
  },
  {
   "cell_type": "code",
   "execution_count": 36,
   "metadata": {},
   "outputs": [
    {
     "data": {
      "text/plain": [
       "array([[  1,  11,  21,  31,  41,  51,  61,  71,  81,  91],\n",
       "       [  2,  12,  22,  32,  42,  52,  62,  72,  82,  92],\n",
       "       [  3,  13,  23,  33,  43,  53,  63,  73,  83,  93],\n",
       "       [  4,  14,  24,  34,  44,  54,  64,  74,  84,  94],\n",
       "       [  5,  15,  25,  35,  45,  55,  65,  75,  85,  95],\n",
       "       [  6,  16,  26,  36,  46,  56,  66,  76,  86,  96],\n",
       "       [  7,  17,  27,  37,  47,  57,  67,  77,  87,  97],\n",
       "       [  8,  18,  28,  38,  48,  58,  68,  78,  88,  98],\n",
       "       [  9,  19,  29,  39,  49,  59,  69,  79,  89,  99],\n",
       "       [ 10,  20,  30,  40,  50,  60,  70,  80,  90, 100]])"
      ]
     },
     "execution_count": 36,
     "metadata": {},
     "output_type": "execute_result"
    }
   ],
   "source": [
    "t_matr = matr.T\n",
    "t_matr"
   ]
  },
  {
   "cell_type": "markdown",
   "metadata": {},
   "source": [
    "# Slicing\n",
    "\n",
    "Slicing numpy arrays is similar to slicing lists. We can get a single item by using bracket notation. \n",
    "\n",
    "**Practice:** Create a numpy array and grab the second item from that array."
   ]
  },
  {
   "cell_type": "code",
   "execution_count": 38,
   "metadata": {},
   "outputs": [
    {
     "data": {
      "text/plain": [
       "array([[  9,  19,  29,  39,  49,  59,  69,  79,  89,  99],\n",
       "       [ 10,  20,  30,  40,  50,  60,  70,  80,  90, 100]])"
      ]
     },
     "execution_count": 38,
     "metadata": {},
     "output_type": "execute_result"
    }
   ],
   "source": [
    "t_matr[-2:]"
   ]
  },
  {
   "cell_type": "code",
   "execution_count": 39,
   "metadata": {},
   "outputs": [
    {
     "data": {
      "text/plain": [
       "array([[  1,   2,   3,   4,   5,   6,   7,   8,   9,  10],\n",
       "       [ 11,  12,  13,  14,  15,  16,  17,  18,  19,  20],\n",
       "       [ 21,  22,  23,  24,  25,  26,  27,  28,  29,  30],\n",
       "       [ 31,  32,  33,  34,  35,  36,  37,  38,  39,  40],\n",
       "       [ 41,  42,  43,  44,  45,  46,  47,  48,  49,  50],\n",
       "       [ 51,  52,  53,  54,  55,  56,  57,  58,  59,  60],\n",
       "       [ 61,  62,  63,  64,  65,  66,  67,  68,  69,  70],\n",
       "       [ 71,  72,  73,  74,  75,  76,  77,  78,  79,  80],\n",
       "       [ 81,  82,  83,  84,  85,  86,  87,  88,  89,  90],\n",
       "       [ 91,  92,  93,  94,  95,  96,  97,  98,  99, 100]])"
      ]
     },
     "execution_count": 39,
     "metadata": {},
     "output_type": "execute_result"
    }
   ],
   "source": [
    "matr"
   ]
  },
  {
   "cell_type": "code",
   "execution_count": 40,
   "metadata": {},
   "outputs": [
    {
     "data": {
      "text/plain": [
       "array([[ 1,  2,  3],\n",
       "       [11, 12, 13],\n",
       "       [21, 22, 23]])"
      ]
     },
     "execution_count": 40,
     "metadata": {},
     "output_type": "execute_result"
    }
   ],
   "source": [
    "matr[:3,:3]"
   ]
  },
  {
   "cell_type": "markdown",
   "metadata": {},
   "source": [
    "You can also slice an array using a range of indices.\n",
    "\n",
    "**Practice:** Grab the second through fifth items from your array."
   ]
  },
  {
   "cell_type": "code",
   "execution_count": 42,
   "metadata": {},
   "outputs": [
    {
     "data": {
      "text/plain": [
       "array([[  1,   2,   3,   4,   5,   6,   7,   8,   9,  10],\n",
       "       [ 11,  12,  13,  14,  15,  16,  17,  18,  19,  20],\n",
       "       [ 21,  22,  23,  24,  25,  26,  27,  28,  29,  30],\n",
       "       [ 31,  32,  33,  34,  35,  36,  37,  38,  39,  40],\n",
       "       [ 41,  42,  43,  44,  45,  46,  47,  48,  49,  50],\n",
       "       [ 51,  52,  53,  54,  55,  56,  57,  58,  59,  60],\n",
       "       [ 61,  62,  63,  64,  65,  66,  67,  68,  69,  70],\n",
       "       [ 71,  72,  73,  74,  75,  76,  77,  78,  79,  80],\n",
       "       [ 81,  82,  83,  84,  85,  86,  87,  88,  89,  90],\n",
       "       [ 91,  92,  93,  94,  95,  96,  97,  98,  99, 100]])"
      ]
     },
     "execution_count": 42,
     "metadata": {},
     "output_type": "execute_result"
    }
   ],
   "source": [
    "matr"
   ]
  },
  {
   "cell_type": "code",
   "execution_count": 41,
   "metadata": {},
   "outputs": [
    {
     "data": {
      "text/plain": [
       "array([[23, 24, 25, 26],\n",
       "       [33, 34, 35, 36],\n",
       "       [43, 44, 45, 46],\n",
       "       [53, 54, 55, 56]])"
      ]
     },
     "execution_count": 41,
     "metadata": {},
     "output_type": "execute_result"
    }
   ],
   "source": [
    "matr[2:6,2:6]"
   ]
  },
  {
   "cell_type": "markdown",
   "metadata": {},
   "source": [
    "# Slicing Matrices\n",
    "\n",
    "We still use bracket notation for slicing matrices, only now we separate our row slicing from column slicing with a comma."
   ]
  },
  {
   "cell_type": "code",
   "execution_count": 43,
   "metadata": {},
   "outputs": [
    {
     "data": {
      "text/plain": [
       "array([[  1,   2,   3,   4,   5,   6,   7,   8,   9,  10],\n",
       "       [ 11,  12,  13,  14,  15,  16,  17,  18,  19,  20],\n",
       "       [ 21,  22,  23,  24,  25,  26,  27,  28,  29,  30],\n",
       "       [ 31,  32,  33,  34,  35,  36,  37,  38,  39,  40],\n",
       "       [ 41,  42,  43,  44,  45,  46,  47,  48,  49,  50],\n",
       "       [ 51,  52,  53,  54,  55,  56,  57,  58,  59,  60],\n",
       "       [ 61,  62,  63,  64,  65,  66,  67,  68,  69,  70],\n",
       "       [ 71,  72,  73,  74,  75,  76,  77,  78,  79,  80],\n",
       "       [ 81,  82,  83,  84,  85,  86,  87,  88,  89,  90],\n",
       "       [ 91,  92,  93,  94,  95,  96,  97,  98,  99, 100]])"
      ]
     },
     "execution_count": 43,
     "metadata": {},
     "output_type": "execute_result"
    }
   ],
   "source": [
    "matr"
   ]
  },
  {
   "cell_type": "code",
   "execution_count": 49,
   "metadata": {},
   "outputs": [
    {
     "data": {
      "text/plain": [
       "array([[  8,   9,  10],\n",
       "       [ 18,  19,  20],\n",
       "       [ 28,  29,  30],\n",
       "       [ 38,  39,  40],\n",
       "       [ 48,  49,  50],\n",
       "       [ 58,  59,  60],\n",
       "       [ 68,  69,  70],\n",
       "       [ 78,  79,  80],\n",
       "       [ 88,  89,  90],\n",
       "       [ 98,  99, 100]])"
      ]
     },
     "execution_count": 49,
     "metadata": {},
     "output_type": "execute_result"
    }
   ],
   "source": [
    "matr[:,-3:]"
   ]
  },
  {
   "cell_type": "code",
   "execution_count": 50,
   "metadata": {},
   "outputs": [
    {
     "data": {
      "text/plain": [
       "array([[31, 32, 33, 34, 35, 36, 37, 38, 39, 40],\n",
       "       [41, 42, 43, 44, 45, 46, 47, 48, 49, 50],\n",
       "       [51, 52, 53, 54, 55, 56, 57, 58, 59, 60],\n",
       "       [61, 62, 63, 64, 65, 66, 67, 68, 69, 70]])"
      ]
     },
     "execution_count": 50,
     "metadata": {},
     "output_type": "execute_result"
    }
   ],
   "source": [
    "matr[3:7,:]"
   ]
  },
  {
   "cell_type": "code",
   "execution_count": 56,
   "metadata": {},
   "outputs": [
    {
     "data": {
      "text/plain": [
       "array([[32],\n",
       "       [42],\n",
       "       [52],\n",
       "       [62]])"
      ]
     },
     "execution_count": 56,
     "metadata": {},
     "output_type": "execute_result"
    }
   ],
   "source": [
    "matr[3:7,1:2]"
   ]
  },
  {
   "cell_type": "code",
   "execution_count": 58,
   "metadata": {},
   "outputs": [
    {
     "data": {
      "text/plain": [
       "array([ 0,  1,  2,  3,  4,  5,  6,  7,  8,  9, 10, 11, 12, 13, 14, 15, 16,\n",
       "       17, 18, 19])"
      ]
     },
     "execution_count": 58,
     "metadata": {},
     "output_type": "execute_result"
    }
   ],
   "source": [
    "np_numbers"
   ]
  },
  {
   "cell_type": "markdown",
   "metadata": {},
   "source": [
    "# Views vs Copy"
   ]
  },
  {
   "cell_type": "code",
   "execution_count": 60,
   "metadata": {},
   "outputs": [
    {
     "data": {
      "text/plain": [
       "array([ 0,  2,  4,  6,  8, 10, 12, 14, 16, 18])"
      ]
     },
     "execution_count": 60,
     "metadata": {},
     "output_type": "execute_result"
    }
   ],
   "source": [
    "np_numbers[np_numbers %2 == 0]"
   ]
  },
  {
   "cell_type": "code",
   "execution_count": null,
   "metadata": {
    "collapsed": true
   },
   "outputs": [],
   "source": []
  }
 ],
 "metadata": {
  "anaconda-cloud": {},
  "kernelspec": {
   "display_name": "Python 3",
   "language": "python",
   "name": "python3"
  },
  "language_info": {
   "codemirror_mode": {
    "name": "ipython",
    "version": 3
   },
   "file_extension": ".py",
   "mimetype": "text/x-python",
   "name": "python",
   "nbconvert_exporter": "python",
   "pygments_lexer": "ipython3",
   "version": "3.6.1"
  }
 },
 "nbformat": 4,
 "nbformat_minor": 1
}
